1 1 -1 1 -1 1 -1 1 -1 1 -1 1 -1 
1 0 1 -1 1 -1 1803 2056 300 MP stroke
1 -1 1 -1 1 -1 1 0 1 -1 1 -1 1 0 1 0 
1 -1 1 0 -1 0 2 -2 1 0 1 -1 1 0 1 -1 
1 0 1 0 1 0 1 0 1 0 1 1 1 0 1 0 
1 0 1 0 1 0 1 1 1 0 1 1 1 1 1 1 
1 1 1 1 1 0 1 1 1 1 1 1 1 1 0 1 
1 1 1 1 1 0 1 1 1 1 1 2 1 1 1 1 
1 2 1 1 0 1 1 1 1 1 1 1 1 1 1 1 
1 1 1 1 1 2 1 2 0 1 1 2 1 1 1 1 
1 2 1 1 1 0 1 1 1 0 1 1 1 1 0 2 
1 1 1 2 1 1 1 2 1 1 1 2 1 1 1 1 
1 1 0 1 1 2 1 2 1 1 1 2 1 2 1 2 
1 2 1 1 1 2 0 1 1 2 1 1 1 2 1 2 
1 2 1 2 1 2 1 2 1 2 1 2 0 2 1 2 
1 2 1 2 1 2 1 2 1 2 1 2 1 2 1 1 
0 2 1 1 1 2 1 1 1 0 1 1 1 1 1 1 
1 1 1 1 1 1 0 1 1 1 1 1 1 1 1 1 
1 0 1 1 1 -1 1 0 1 0 1 -1 1 1 1 0 
1 0 1 -1 1 -1 1 0 1 -1 1 -2 1 -1 0 -2 
1 -1 1 -2 1 -1 1 -1 1 -1 1 -1 1 -2 1 -1 
1 -2 0 -1 1 -2 1 -3 1 -2 1 -1 1 -2 1 0 
1 0 1 0 1 0 1 -1 1 0 1 -1 1 -1 1 -1 
1 -1 1 0 1 0 1 0 1 1 1 0 1 0 1 -1 
1 0 1 -1 1 0 1 -1 1 0 1 0 1 0 1 0 
1 0 1 0 1 -1 1 0 1 -1 1 0 1 -1 1 -1 
1 -1 1 -1 1 -1 1 0 1 -1 1 -1 1 -1 1 0 
1 -1 1 -1 1 -1 1 0 1 -1 1 0 1 0 1 0 
1 0 1 -1 1 0 1 0 1 -1 1 0 1 0 1 -1 
1 0 1 0 1 1 1 1 1 1 1 0 1 0 1 1 
1 1 1 1 1 1 1 1 1 1 1 1 0 2 1 2 
1 2 1 2 1 1 1 2 1 3 1 2 1 2 1 2 
0 1 1 2 1 3 1 2 1 3 1 2 1 3 1 3 
1 2 1 2 1 1 1 1 1 0 1 1 1 1 1 1 
1 2 1 1 1 1 1 -1 0 -1 1 -2 1 -1 1 0 
1 -1 1